27908108_H_diadema_Gatokae 0 0.00768 0.00681 0.00874 0.00898 0.00879 0.00706 0.00736 0.00636 0.0063 0.0065 0.00714 0.00736 0.00689 0.00732 0.00709 0.01085 0.00849 0.00649 0.00751 0.00816 0.00779 0.00851 0.00746 0.02333 0.02965 0.03041
908151_H_diadema_Guadalcanal 0.00768 0 0.00473 0.00726 0.00773 0.00702 0.00549 0.00499 0.00645 0.00621 0.00698 0.00734 0.00825 0.00717 0.00803 0.00818 0.01427 0.00717 0.00609 0.00672 0.00749 0.00725 0.0077 0.00659 0.02503 0.03108 0.03183
908152_H_diadema_Guadalcanal 0.00681 0.00473 0 0.00761 0.00755 0.00725 0.00474 0.00447 0.00601 0.00622 0.00664 0.00667 0.00737 0.00719 0.00763 0.00795 0.01356 0.00708 0.00574 0.00677 0.00766 0.00758 0.0076 0.00681 0.02424 0.03033 0.03089
908153a_H_dinops_Guadalcanal 0.00874 0.00726 0.00761 0 0.00223 0.00235 0.00825 0.00747 0.00762 0.00731 0.00788 0.0076 0.00831 0.00805 0.00824 0.00848 0.01498 0.00214 0.0076 0.00827 0.00911 0.00842 0.00877 0.00828 0.02518 0.03191 0.0324
908154_H_dinops_Guadalcanal 0.00898 0.00773 0.00755 0.00223 0 0.00216 0.00739 0.00704 0.00756 0.00723 0.00802 0.00782 0.00804 0.00805 0.00825 0.00866 0.0151 0.00255 0.00752 0.00844 0.00893 0.00862 0.00869 0.00801 0.02552 0.03211 0.03191
908155_H_dinops_Guadalcanal 0.00879 0.00702 0.00725 0.00235 0.00216 0 0.00763 0.00686 0.00752 0.00706 0.00742 0.00764 0.00851 0.00804 0.00847 0.00842 0.01519 0.00224 0.00722 0.00797 0.00868 0.00849 0.00863 0.00792 0.02588 0.03221 0.03269
908156_H_diadema_Guadalcanal 0.00706 0.00549 0.00474 0.00825 0.00739 0.00763 0 0.00467 0.00606 0.00596 0.00653 0.00641 0.00704 0.00642 0.00748 0.0077 0.01412 0.00753 0.00656 0.00759 0.00832 0.00806 0.00816 0.00761 0.02466 0.0307 0.03132
908208_H_diadema_Guadalcanal 0.00736 0.00499 0.00447 0.00747 0.00704 0.00686 0.00467 0 0.00588 0.00576 0.00656 0.00687 0.00747 0.00703 0.00745 0.00771 0.01375 0.00688 0.00499 0.00675 0.00708 0.00696 0.00757 0.00647 0.02432 0.03036 0.03126
KVO168_H_diadema_Isabel 0.00636 0.00645 0.00601 0.00762 0.00756 0.00752 0.00606 0.00588 0 0.0041 0.00419 0.00387 0.00626 0.00586 0.00647 0.00624 0.01223 0.00753 0.00518 0.00635 0.00718 0.00614 0.00638 0.00581 0.02195 0.02877 0.02906
KVO169_H_diadema_Isabel 0.0063 0.00621 0.00622 0.00731 0.00723 0.00706 0.00596 0.00576 0.0041 0 0.00427 0.00533 0.00562 0.00582 0.00602 0.00605 0.01343 0.00713 0.00509 0.00623 0.00663 0.00615 0.00638 0.00568 0.02369 0.02999 0.0305
KVO170_H_diadema_Isabel 0.0065 0.00698 0.00664 0.00788 0.00802 0.00742 0.00653 0.00656 0.00419 0.00427 0 0.00498 0.00693 0.00647 0.00685 0.00653 0.01357 0.00798 0.00606 0.00675 0.00706 0.00647 0.00737 0.00641 0.02377 0.02975 0.03043
KVO171_H_diadema_Isabel 0.00714 0.00734 0.00667 0.0076 0.00782 0.00764 0.00641 0.00687 0.00387 0.00533 0.00498 0 0.00623 0.00559 0.00625 0.00612 0.01279 0.00762 0.00601 0.00726 0.00814 0.0074 0.00732 0.00685 0.02362 0.0297 0.03012
KVO242_H_dinops_Isabel 0.00736 0.00825 0.00737 0.00831 0.00804 0.00851 0.00704 0.00747 0.00626 0.00562 0.00693 0.00623 0 0.00315 0.00384 0.00378 0.01461 0.0086 0.00748 0.00849 0.00946 0.00866 0.0082 0.00825 0.02494 0.03091 0.03149
KVO243_H_dinops_Isabel 0.00689 0.00717 0.00719 0.00805 0.00805 0.00804 0.00642 0.00703 0.00586 0.00582 0.00647 0.00559 0.00315 0 0.00313 0.00359 0.01384 0.00812 0.00684 0.0082 0.00882 0.00834 0.00837 0.00776 0.02443 0.03059 0.03131
KVO245_H_dinops_Isabel 0.00732 0.00803 0.00763 0.00824 0.00825 0.00847 0.00748 0.00745 0.00647 0.00602 0.00685 0.00625 0.00384 0.00313 0 0.00388 0.01423 0.00838 0.00738 0.0086 0.0089 0.00876 0.00853 0.00808 0.02499 0.03089 0.03146
KVO246_H_dinops_Isabel 0.00709 0.00818 0.00795 0.00848 0.00866 0.00842 0.0077 0.00771 0.00624 0.00605 0.00653 0.00612 0.00378 0.00359 0.00388 0 0.01395 0.00875 0.00773 0.00879 0.0097 0.00914 0.00912 0.00841 0.02496 0.03106 0.03174
KVO248_H_dinops_Isabel 0.01085 0.01427 0.01356 0.01498 0.0151 0.01519 0.01412 0.01375 0.01223 0.01343 0.01357 0.01279 0.01461 0.01384 0.01423 0.01395 0 0.01458 0.01291 0.01407 0.01459 0.01454 0.01505 0.01348 0.02712 0.03329 0.03428
THL1173_H_dinops_Guadalcanal 0.00849 0.00717 0.00708 0.00214 0.00255 0.00224 0.00753 0.00688 0.00753 0.00713 0.00798 0.00762 0.0086 0.00812 0.00838 0.00875 0.01458 0 0.00731 0.00798 0.00917 0.00839 0.00872 0.00808 0.02531 0.03157 0.03199
THL17193_H_diadema_Ngella 0.00649 0.00609 0.00574 0.0076 0.00752 0.00722 0.00656 0.00499 0.00518 0.00509 0.00606 0.00601 0.00748 0.00684 0.00738 0.00773 0.01291 0.00731 0 0.00389 0.00429 0.00365 0.00463 0.00304 0.02356 0.02964 0.03041
THL17194_H_diadema_Ngella 0.00751 0.00672 0.00677 0.00827 0.00844 0.00797 0.00759 0.00675 0.00635 0.00623 0.00675 0.00726 0.00849 0.0082 0.0086 0.00879 0.01407 0.00798 0.00389 0 0.00462 0.0044 0.00432 0.00372 0.02486 0.03109 0.03169
THL17195_H_diadema_Ngella 0.00816 0.00749 0.00766 0.00911 0.00893 0.00868 0.00832 0.00708 0.00718 0.00663 0.00706 0.00814 0.00946 0.00882 0.0089 0.0097 0.01459 0.00917 0.00429 0.00462 0 0.00427 0.0056 0.00473 0.02545 0.03139 0.03192
THL17197_H_diadema_Ngella 0.00779 0.00725 0.00758 0.00842 0.00862 0.00849 0.00806 0.00696 0.00614 0.00615 0.00647 0.0074 0.00866 0.00834 0.00876 0.00914 0.01454 0.00839 0.00365 0.0044 0.00427 0 0.00449 0.00411 0.02523 0.03132 0.03181
THL17198_H_diadema_Ngella 0.00851 0.0077 0.0076 0.00877 0.00869 0.00863 0.00816 0.00757 0.00638 0.00638 0.00737 0.00732 0.0082 0.00837 0.00853 0.00912 0.01505 0.00872 0.00463 0.00432 0.0056 0.00449 0 0.00431 0.02577 0.03193 0.03245
THL17199_H_diadema_Ngella 0.00746 0.00659 0.00681 0.00828 0.00801 0.00792 0.00761 0.00647 0.00581 0.00568 0.00641 0.00685 0.00825 0.00776 0.00808 0.00841 0.01348 0.00808 0.00304 0.00372 0.00473 0.00411 0.00431 0 0.02461 0.03065 0.03127
WD1705_H_diadema_E_New_Britain 0.02333 0.02503 0.02424 0.02518 0.02552 0.02588 0.02466 0.02432 0.02195 0.02369 0.02377 0.02362 0.02494 0.02443 0.02499 0.02496 0.02712 0.02531 0.02356 0.02486 0.02545 0.02523 0.02577 0.02461 0 0.03265 0.03379
WD2047_H_diadema_Simbu_Prov 0.02965 0.03108 0.03033 0.03191 0.03211 0.03221 0.0307 0.03036 0.02877 0.02999 0.02975 0.0297 0.03091 0.03059 0.03089 0.03106 0.03329 0.03157 0.02964 0.03109 0.03139 0.03132 0.03193 0.03065 0.03265 0 0.02407
WD2074_H_diadema_Gulf_Prov 0.03041 0.03183 0.03089 0.0324 0.03191 0.03269 0.03132 0.03126 0.02906 0.0305 0.03043 0.03012 0.03149 0.03131 0.03146 0.03174 0.03428 0.03199 0.03041 0.03169 0.03192 0.03181 0.03245 0.03127 0.03379 0.02407 0
