1
2
3
4
5
7
10
12
17
18
19
20
23
26
27
28
29
30
32
35
36
37
38
39
42
43
45
53
54
55
57
59
62
64
65
68
69
70
71
72
74
75
76
77
79
80
82
83
85
94
95
102
104
108
109
112
113
115
116
118
119
121
123
125
130
131
133
139
141
142
145
147
150
155
157
158
159
161
162
164
168
175
177
179
180
182
183
186
187
190
191
193
194
197
199
200
201
202
204
206
207
209
211
213
214
215
217
226
230
232
233
235
238
239
240
241
244
247
248
252
254
255
262
263
268
269
276
280
282
283
284
290
291
293
296
297
305
309
310
312
314
315
319
320
321
323
324
330
331
332
334
338
347
349
352
355
358
364
365
366
368
371
373
374
375
377
379
380
384
388
390
392
393
395
398
401
402
403
404
408
412
416
419
420
426
427
428
430
433
439
440
442
445
450
454
456
463
469
470
473
474
475
478
479
483
486
491
492
496
499
502
504
505
507
510
511
514
516
518
520
525
526
528
530
537
538
540
544
550
552
556
557
559
560
563
564
568
569
570
572
573
574
576
577
580
581
595
597
598
600
604
607
608
611
612
618
622
623
626
629
631
634
635
639
647
650
651
652
654
656
657
659
664
665
668
669
672
680
682
689
691
695
697
701
702
704
705
709
715
716
717
718
719
721
726
733
739
742
744
746
749
750
753
759
762
764
767
768
769
775
777
783
789
805
811
813
814
815
819
820
821
824
835
840
841
843
846
852
854
856
861
864
867
873
878
881
883
885
887
891
894
896
897
911
916
923
926
928
936
937
938
939
942
943
944
949
953
955
957
958
959
962
965
968
969
970
975
976
982
991
992
993
996
1000
1001
1007
1019
1022
1024
1025
1028
1031
1033
1038
1040
1045
1050
1051
1052
1053
1057
1060
1062
1068
1070
1072
1074
1075
1076
1077
1085
1090
1101
1102
1105
1115
1118
1119
1120
1121
1126
1128
1131
1132
1133
1136
1137
1152
1158
1168
1170
1172
1175
1178
1180
1181
1191
1193
1194
1198
1199
1206
1207
1213
1215
1219
1222
1223
1234
1236
1240
1241
1249
1251
1255
1257
1264
1265
1269
1273
1276
1277
1284
1291
1293
1294
1297
1303
1309
1310
1321
1326
1333
1334
1337
1339
1342
1343
1346
1347
1348
1349
1352
1355
1358
1362
1369
1373
1375
1376
1377
1378
1381
1385
1386
1387
1390
1392
1393
1395
1397
1401
1402
1403
1405
1412
1413
1414
1417
1418
1419
1420
1424
1425
1426
1430
1435
1439
1442
1449
1450
1459
1460
1461
1467
1470
1471
1473
1479
1483
1487
1488
1490
1495
1497
1498
1502
1503
1509
1513
1516
1521
1534
1537
1538
1542
1546
1547
1548
1557
1562
1563
1566
1567
1569
1570
1571
1577
1584
1588
1589
1594
1595
1596
1605
1616
1625
1629
1630
1633
1634
1640
1645
1646
1648
1652
1656
1657
1660
1661
1663
1664
1665
1666
1670
1673
1677
1678
1680
1682
1686
1687
1688
1691
1700
1701
1704
1708
1711
1712
1717
1718
1723
1726
1728
1730
1735
1738
1740
1745
1748
1750
1751
1753
1754
1758
1759
1761
1762
1763
1766
1769
1772
1773
1774
1786
1791
1793
1794
1797
1802
1806
1808
1812
1816
1818
1820
1821
1822
1823
1825
1828
1838
1843
1844
1845
1847
1851
1854
1856
1857
1863
1864
1868
1872
1873
1878
1879
1882
1887
1892
1899
1900
1902
1906
1907
1913
1915
1923
1932
1933
1935
1936
1937
1940
1943
1944
1946
1956
1961
1969
1970
1973
1976
1977
1980
1994
1995
1997
2001
2004
2010
2011
2013
2016
2017
2018
2026
2029
2033
2044
2045
2046
2047
2048
2050
2052
2055
2056
2062
2066
2069
2072
2075
2078
2079
2082
2091
2095
2096
2097
2100
2102
2106
2107
2109
2111
2114
2117
2121
2124
2126
2130
2132
2137
2139
2140
2142
2143
2154
2156
2157
2176
2182
2183
2184
2186
2187
2188
2189
2191
2193
2197
2201
2204
2206
2207
2211
2215
2216
2217
2219
2220
2223
2225
2227
2228
2232
2233
2234
2242
2243
2245
2246
2248
2249
2253
2254
2258
2263
2265
2268
2274
2276
2277
2285
2295
2296
2300
2301
2302
2315
2320
2336
2341
2346
2347
2361
2363
2368
2372
2379
2380
2384
2388
2398
2399
2400
2406
2410
2414
2415
2416
2417
2421
2423
2426
2427
2428
2441
2444
2454
2455
2458
2460
2462
2464
2467
2469
2471
2475
2477
2478
2486
2492
2501
2504
2506
2507
2508
2509
2514
2518
2519
2521
2523
2524
2525
2527
2528
2529
2530
2531
2536
2538
2542
2545
2550
2553
2554
2557
2561
2576
2582
2587
2590
2591
2593
2595
2596
2597
2599
2600
2601
2603
2605
2607
2614
2617
2621
2624
2631
2632
2634
2640
2648
2649
2652
2654
2656
2658
2660
2665
2666
2669
2672
2675
2684
2688
2691
2692
2693
2700
2701
2702
2706
2713
2714
2718
2720
2721
2722
2725
2733
2738
2741
2743
2751
2755
2757
2758
2764
2767
2768
2769
2770
2778
2792
2794
2795
2798
2805
2807
2810
2811
2814
2815
2820
2821
2825
2827
2833
2834
2846
2851
2859
2872
2873
2874
2876
2879
2882
2885
2890
2901
2904
2907
2908
2916
2929
2935
2937
2938
2945
2957
2962
2963
2977
2981
2982
2988
2999
3000
3006
3010
3015
3019
3023
3027
3033
3034
3036
3041
3042
3054
3056
3057
3060
3061
3063
3065
3070
3075
3088
3092
3094
3096
3108
3110
3115
3121
3125
3127
3146
3152
3161
3162
3164
3169
3171
3173
3178
3180
3185
3187
3190
3192
3200
3201
3203
3204
3205
3211
3219
3220
3236
3237
3241
3244
3254
3263
3264
3265
3273
3274
3276
3279
3281
3283
3286
3299
3301
3311
3312
3315
3321
3324
3327
3328
3332
3333
3336
3344
3352
3357
3358
3361
3362
3367
3376
3386
3389
3393
3395
3399
3400
3410
3415
3418
3420
3421
3424
3426
3431
3435
3436
3442
3443
3458
3459
3463
3465
3468
3469
3473
3475
3480
3488
3497
3500
3503
3507
3510
3511
3520
3521
3528
3532
3538
3543
3545
3546
3548
3552
3556
3557
3559
3562
3574
3577
3583
3586
3593
3594
3598
3601
3602
3605
3610
3617
3621
3623
3625
3632
3633
3634
3637
3639
3642
3643
3644
3651
3652
3655
3657
3658
3660
3661
3677
3678
3679
3684
3686
3690
3692
3696
3706
3709
3710
3715
3725
3727
3729
3735
3741
3746
3751
3763
3768
3769
3770
3772
3777
3780
3786
3815
3817
3826
3828
3829
3830
3831
3838
3841
3855
3856
3859
3861
3863
3867
3868
3873
3875
3877
3881
3885
3886
3894
3897
3899
3900
3901
3927
3930
3931
3939
3942
3944
3957
3958
3961
3963
3968
3974
3977
3982
3983
3985
3989
3990
3991
4004
4012
4013
4015
4016
4019
4031
4033
4035
4038
4039
4042
4043
4045
4048
4058
4060
4064
4066
4075
4076
4078
4082
4094
4096
4098
4104
4111
4118
4122
4124
4129
4133
4134
4136
4140
4141
4149
4156
4166
4168
4169
4175
4180
4181
4182
4189
4191
4192
4196
4198
4200
4202
4206
4207
4208
4210
4212
4220
4222
4227
4229
4230
4231
4234
4243
4246
4252
4260
4262
4265
4266
4267
4270
4280
4283
4284
4285
4286
4287
4289
4290
4291
4294
4300
4302
4305
4306
4307
4309
4314
4318
4322
4329
4330
4333
4334
4338
4340
4344
4348
4349
4350
4356
4358
4359
4367
4370
4380
4384
4385
4412
4413
4416
4417
4420
4423
4424
4426
4429
4436
4445
4447
4448
4450
4452
4455
4458
4460
4463
4467
4469
4472
4473
4475
4488
4494
4495
4507
4508
4510
4520
4531
4534
4535
4537
4555
4556
4558
4564
4572
4575
4579
4580
4584
4589
4590
4593
4595
4599
4606
4609
4614
4615
4620
4624
4631
4635
4643
4651
4652
4661
4670
4673
4676
4677
4681
4689
4690
4693
4697
4705
4707
4726
4731
4741
4743
4750
4753
4754
4755
4758
4759
4762
4765
4766
4770
4780
4781
4792
4797
4798
4801
4805
4808
4810
4813
4817
4818
4821
4823
4828
4834
4835
4840
4841
4853
4854
4856
4858
4859
4861
4870
4874
4878
4880
4890
4896
4899
4901
4903
4909
4912
4913
4916
4920
4925
4933
4942
4944
4945
4946
4947
4951
4952
4953
4958
4960
4963
4965
4966
4968
4971
4972
4973
4975
4990
4993
5004
5006
5008
5010
5012
5018
5023
5029
5030
5032
5035
5037
5039
5047
5049
5051
5053
5055
5069
5070
5073
5074
5076
5079
5080
5082
5083
5084
5088
5090
5091
5094
5096
5099
5102
5103
5105
5107
5108
5118
5120
5123
5128
5133
5139
5141
5143
5146
5147
5148
5151
5153
5155
5157
5158
5161
5163
5165
5166
5167
5171
5173
5176
5178
5179
5186
5188
5191
5192
5193
5194
5197
5200
5204
5207
5211
5212
5216
5221
5226
5228
5232
5233
5236
5242
5250
5256
5259
5262
5266
5269
5273
5275
5276
5278
5279
5288
5289
5299
5300
5301
5303
5304
5305
5308
5309
5313
5314
5315
5319
5321
5332
5338
5339
5344
5346
5347
5348
5355
5362
5364
5365
5366
5368
5370
5376
5379
5382
5385
5386
5389
5393
5396
5398
5403
5409
5423
5431
5432
5435
5436
5438
5441
5444
5446
5447
5449
5450
5457
5460
5472
5475
5476
5480
5482
5485
5489
5501
5505
5513
5515
5516
5531
5534
5540
5542
5544
5548
5549
5554
5562
5564
5568
5575
5581
5582
5583
5587
5590
5591
5596
5597
5604
5609
5611
5612
5614
5615
5618
5621
5622
5624
5629
5636
5638
5639
5642
5643
5648
5652
5653
5659
5660
5662
5663
5666
5668
5672
5687
5690
5693
5697
5700
5703
5705
5706
5713
5720
5723
5731
5733
5737
5739
5741
5748
5749
5751
5754
5760
5767
5772
5785
5786
5791
5793
5796
5797
5798
5804
5810
5812
5816
5821
5822
5823
5824
5828
5829
5832
5833
5836
5837
5838
5839
5840
5846
5847
5849
5850
5858
5859
5863
5867
5868
5869
5871
5872
5873
5874
5878
5881
5884
5894
5897
5904
5907
5908
5909
5917
5918
5920
5922
5924
5927
5933
5936
5937
5938
5940
5941
5942
5943
5947
5948
5956
5958
5961
5963
5967
5970
5971
5972
5975
5976
5977
5979
5984
5985
5992
5993
5997
5998
6005
6007
6011
6015
6018
6022
6023
6026
6028
6031
6034
6040
6043
6051
6052
6055
6064
6068
6070
6078
6079
6083
6085
6086
6087
6088
6089
6093
6100
6101
6106
6107
6115
6121
6123
6125
6139
6149
6150
6154
6160
6164
6166
6167
6175
6176
6178
6180
6181
6182
6183
6185
6188
6189
6192
6199
6200
6202
6209
6211
6213
6223
6227
6228
6234
6235
6236
6239
6240
6241
6242
6246
6248
6250
6252
6253
6259
6260
6262
6266
6269
6276
6291
6296
6300
6301
6306
6308
6310
6337
6339
6340
6342
6343
6344
6350
6351
6353
6354
6356
6360
6361
6366
6368
6373
6374
6381
6387
6389
6390
6396
6399
6402
6408
6409
6410
6416
6418
6423
6425
6426
6431
6432
6437
6438
6439
6443
6444
6445
6446
6448
6449
6453
6454
6456
6460
6465
6469
6471
6472
6474
6476
6485
6493
6502
6503
6505
6510
6511
6519
6520
6523
6527
6529
6533
6538
6540
6542
6548
6550
6551
6556
6557
6558
6559
6560
6570
6574
6577
6580
6581
6587
6590
6591
6593
6596
6606
6609
6612
6613
6619
6622
6625
6626
6627
6628
6635
6641
6644
6646
6650
6653
6655
6657
6658
6660
6664
6672
6673
6674
6679
6686
6693
6694
6696
6697
6698
6702
6707
6708
6711
6714
6720
6728
6729
6731
6732
6733
6735
6738
6740
6741
6743
6744
6745
6749
6750
6751
6755
6756
6759
6764
6765
6766
6769
6770
6771
6783
6786
6788
6789
6790
6791
6794
6801
6804
6806
6808
6810
6811
6815
6816
6824
6826
6828
6829
6844
6856
6857
6861
6863
6865
6873
6882
6883
6884
6885
6889
6892
6893
6897
6900
6901
6903
6905
6907
6915
6918
6919
6921
6925
6930
6932
6933
6934
6936
6945
6950
6954
6958
6963
6965
6974
6981
6982
6987
6991
6993
6994
6999
7002
7004
7005
7008
7012
7015
7017
7021
7025
7030
7032
7037
7038
7044
7047
7052
7055
7057
7058
7059
7060
7061
7065
7067
7071
7077
7079
7080
7084
7087
7088
7091
7094
7098
7099
7102
7105
7112
7116
7118
7122
7127
7136
7138
7140
7142
7144
7146
7150
7152
7155
7162
7165
7169
7171
7174
7175
7180
7184
7186
7188
7193
7195
7196
7197
7201
7204
7207
7218
7225
7226
7228
7234
7256
7257
7259
7260
7265
7266
7267
7271
7278
7280
7281
7282
7292
7295
7298
7301
7310
7313
7316
7320
7325
7331
7333
7334
7336
7347
7355
7357
7364
7365
7366
7368
7373
7379
7383
7394
7398
7403
7406
7411
7413
7418
7419
7421
7424
7428
7430
7431
7433
7436
7441
7444
7446
7451
7455
7457
7461
7468
7469
7471
7474
7477
7478
7479
7480
7481
7483
7486
7489
7494
7496
7503
7505
7510
7511
7514
7515
7519
7520
7524
7525
7526
7527
7530
7532
7535
7536
7543
7544
7545
7550
7552
7557
7559
7564
7565
7570
7574
7578
7585
7587
7590
7591
7593
7594
7595
7603
7604
7619
7622
7624
7625
7628
7629
7631
7632
7644
7647
7660
7662
7664
7665
7669
7671
7678
7681
7689
7694
7696
7701
7704
7713
7718
7725
7727
7729
7739
7747
7748
7749
7751
7755
7757
7759
7760
7761
7763
7766
7770
7773
7776
7777
7778
7781
7783
7793
7795
7808
7812
7817
7819
7821
7826
7831
7837
7838
7841
7842
7848
7850
7855
7858
7865
7867
7871
7873
7874
7880
7882
7883
7884
7892
7896
7900
7901
7907
7908
7911
7912
7913
7915
7929
7932
7933
7934
7935
7938
7939
7940
7941
7943
7944
7945
7946
7952
7959
7960
7964
7965
7969
7980
7984
7986
7987
7988
7995
8001
8003
8006
8012
8016
8025
8026
8028
8030
8032
8040
8050
8051
8056
8057
8065
8067
8073
8084
8085
8087
8092
8093
8094
8100
8101
8103
8105
8110
8111
8116
8118
8126
8127
8129
8131
8138
8139
8144
8146
8148
8151
8162
8163
8164
8167
8171
8179
8184
8191
8192
8195
8201
8205
8211
8213
8221
8222
8224
8227
8233
8234
8238
8239
8246
8248
8250
8256
8259
8263
8267
8273
8279
8286
8290
8292
8299
8302
8311
8312
8327
8331
8332
8338
8339
8340
8348
8351
8358
8359
8360
8367
8370
8373
8377
8378
8382
8386
8397
8398
8399
8403
8406
8407
8410
8411
8417
8419
8420
8421
8422
8429
8431
8433
8434
8435
8437
8441
8445
8447
8455
8458
8460
8463
8473
8474
8477
8480
8486
8491
8494
8495
8499
8501
8506
8512
8513
8514
8520
8522
8528
8529
8530
8531
8538
8540
8541
8545
8547
8548
8549
8556
8561
8563
8565
8567
8570
8572
8573
8581
8582
8584
8595
8597
8601
8603
8604
8605
8608
8612
8613
8616
8618
8628
8630
8632
8639
8643
8651
8660
8661
8662
8665
8667
8670
8673
8675
8676
8686
8687
8688
8690
8691
8695
8698
8709
8710
8712
8714
8720
8721
8724
8725
8726
8731
8732
8736
8740
8744
8747
8752
8753
8758
8766
8775
8782
8783
8785
8786
8787
8788
8789
8795
8800
8803
8804
8811
8817
8819
8820
8821
8822
8825
8826
8828
8830
8831
8832
8835
8838
8839
8847
8851
8852
8855
8856
8857
8864
8874
8877
8879
8887
8888
8889
8896
8898
8900
8912
8913
8914
8921
8926
8931
8962
8963
8964
8967
8968
8972
8973
8975
8976
8978
8980
8982
8989
8991
8997
9006
9009
9011
9012
9018
9021
9025
9030
9032
9034
9035
9039
9040
9044
9047
9048
9052
9053
9054
9065
9067
9068
9069
9070
9072
9074
9076
9079
9084
9089
9094
9095
9096
9098
9099
9100
9102
9103
9104
9107
9113
9117
9120
9123
9127
9133
9135
9136
9144
9145
9162
9163
9164
9171
9174
9175
9178
9179
9182
9184
9185
9189
9195
9196
9198
9199
9202
9205
9206
9208
9209
9211
9213
9215
9216
9218
9226
9228
9233
9234
9237
9246
9249
9265
9273
9275
9278
9280
9282
9287
9291
9293
9294
9297
9301
9304
9310
9315
9318
9319
9323
9326
9340
9341
9344
9345
9347
9352
9355
9369
9371
9373
9379
9382
9384
9391
9392
9393
9396
9402
9408
9414
9415
9417
9418
9425
9427
9431
9433
9434
9439
9441
9444
9448
9450
9451
9459
9463
9464
9466
9467
9471
9472
9474
9476
9483
9485
9487
9493
9496
9499
9500
9501
9502
9505
9507
9508
9518
9522
9525
9528
9529
9531
9533
9535
9537
9538
9541
9542
9544
9546
9553
9555
9558
9561
9569
9570
9573
9576
9580
9583
9586
9590
9600
9603
9607
9609
9618
9620
9626
9629
9636
9638
9642
9644
9649
9651
9654
9664
9672
9673
9676
9681
9684
9689
9690
9693
9696
9705
9711
9712
9720
9723
9729
9741
9745
9747
9748
9750
9755
9760
9763
9769
9771
9779
9782
9783
9788
9790
9800
9806
9811
9814
9816
9817
9818
9824
9826
9842
9853
9855
9863
9868
9869
9879
9881
9884
9891
9894
9900
9904
9906
9910
9911
9914
9925
9927
9932
9937
9941
9943
9953
9954
9958
9961
9962
9963
9967
9968
9980
9985
9986
9987
9992
9996
9997
10011
10028
10030
10032
10034
10040
10044
10048
10056
10057
10069
10074
10078
10079
10083
10086
10087
10088
10100
10105
10106
10108
10111
10115
10116
10117
10119
10122
10128
10129
10132
10133
10134
10135
10136
10139
10141
10150
10154
10156
10159
10165
10169
10172
10176
10177
10181
10185
10188
10190
10192
10200
10212
10214
10217
10234
10236
10241
10243
10246
10248
10251
10264
10270
10272
10273
10274
10282
10285
10289
10292
10295
10299
10304
10308
10312
10322
10323
10327
10328
10329
10334
10335
10339
10344
10349
10351
10354
10356
10358
10360
10363
10367
10369
10378
10379
10384
10387
10389
10390
10392
10395
10396
10397
10398
10399
10400
10405
10426
10429
10430
10440
10444
10448
10451
10453
10456
10460
10462
10469
10470
10473
10474
10476
10478
10482
10493
10496
10497
10502
10504
10508
10516
10518
10522
10528
10530
10534
10537
10543
10547
10554
10555
10556
10560
10573
10579
10581
10586
10590
10593
10595
10599
10610
10611
10612
10625
10629
10631
10632
10633
10635
10639
10643
10655
10658
10667
10669
10671
10672
10673
10678
10682
10683
10686
10687
10688
10691
10701
10705
10708
10716
10720
10731
10735
10740
10744
10749
10750
10752
10756
10759
10768
10774
10779
10794
10795
10797
10800
10809
10813
10821
10829
10830
10831
10847
10848
10858
10861
10868
10876
10877
10878
10881
10886
10891
10893
10905
10907
10910
10911
10912
10915
10917
10924
10929
10930
10932
10935
10936
10941
10943
10953
10959
10961
10962
10964
10967
10968
10969
10971
10974
10980
10990
10991
10993
11001
11006
11020
11037
11039
11041
11042
11045
11047
11052
11057
11065
11075
11077
11079
11083
11085
11088
11090
11094
11097
11099
11102
11110
11112
11119
11120
11123
11124
11125
11127
11136
11139
11140
11153
11156
11161
11162
11163
11169
11170
11176
11182
11185
11186
11187
11190
11192
11195
11197
11198
11200
11204
11210
11213
11215
11218
11219
11222
11230
11241
11242
11243
11246
11247
11260
11265
11272
11281
11285
11287
11289
11290
11298
11305
11309
11317
11322
11323
11324
11329
11331
11332
11338
11342
11343
11355
11356
11363
11375
11382
11385
11391
11398
11400
11403
11406
11418
11420
11422
11423
11428
11429
11435
11437
11442
11443
11457
11460
11462
11466
11479
11484
11490
11495
11502
11512
11517
11521
11522
11523
11525
11526
11528
11529
11531
11533
11538
11541
11542
11548
11549
11550
11552
11553
11554
11555
11556
11559
11560
11562
11566
11567
11570
11571
11576
11577
11579
11587
11590
11593
11594
11595
11596
11597
11599
11600
11609
11610
11618
11619
11623
11625
11628
11632
11636
11638
11639
11643
11645
11648
11649
11650
11653
11654
11655
11664
11665
11669
11673
11675
11680
11681
11684
11687
11693
11694
11695
11699
11703
11715
11716
11720
11722
11725
11728
11730
11731
11735
11736
11738
11740
11741
11744
11747
11749
11757
11760
11761
11762
11765
11768
11769
11773
11775
11776
11785
11788
11792
11794
11795
11802
11811
11818
11820
11821
11822
11824
11829
11831
11836
11839
11840
11841
11845
11847
11848
11850
11854
11857
11863
11864
11866
11867
11868
11869
11873
11874
11877
11884
11888
11889
11891
11892
11903
11910
11914
11916
11918
11921
11922
11923
11925
11931
11936
11941
11942
11954
11957
11958
11960
11961
11967
11969
11970
11973
11974
11978
11984
11985
11990
11992
11993
11994
11995
11997
11999
12000
12005
12006
12007
12009
12014
12017
12020
12022
12027
12033
12035
12038
12042
12043
12044
12049
12051
12053
12054
12056
12059
12060
12061
12062
12067
12071
12074
12088
12094
12098
12104
12108
12109
12112
12119
12121
12124
12128
12132
12143
12157
12166
12168
12180
12186
12187
12190
12193
12198
12200
12203
12224
12226
12227
12231
12236
12238
12240
12241
12242
12245
12246
12254
12255
12258
12267
12272
12275
12276
12277
12279
12285
12286
12294
12300
12306
12307
12309
12318
12319
12323
12324
12326
12329
12334
12335
12345
12347
12348
12349
12351
12355
12359
12360
12362
12367
12368
12369
12371
12377
12378
12380
12381
12382
12383
12384
12385
12390
12393
12394
12403
12405
12407
12410
12413
12414
12417
12419
12421
12425
12426
12427
12436
12438
12439
12442
12443
12449
12453
12454
12455
12457
12458
12459
12460
12461
12462
12463
12465
12466
12471
12472
12482
12489
12492
12494
12495
12496
12503
12504
12506
12508
12510
12516
12517
12523
12530
12539
12541
12543
12544
12545
12546
12556
12558
12563
12565
12571
12573
12576
12577
12579
12586
12587
12588
12589
12590
12592
12594
12602
12604
12605
12610
12615
12629
12631
12634
12635
12639
12645
12649
12651
12652
12654
12660
12662
12675
12682
12684
12690
12692
12694
12699
12702
12706
12707
12709
12710
12711
12715
12717
12721
12724
12726
12727
12728
12729
12733
12734
12745
12750
12755
12760
12768
12769
12774
12776
12777
12781
12783
12786
12787
12790
12793
12803
12805
12812
12815
12819
12820
12822
12828
12834
12836
12838
12839
12846
12856
12858
12861
12873
12876
12878
12879
12880
12881
12885
12887
12892
12897
12898
12911
12912
12916
12918
12919
12921
12923
12927
12929
12931
12932
12938
12945
12948
12949
12953
12957
12958
12959
12960
12962
12963
12966
12967
12968
12971
12976
12978
12980
12991
12992
12997
13014
13015
13017
13018
13021
13023
13025
13030
13032
13036
13055
13056
13058
13060
13061
13063
13071
13074
13076
13077
13078
13088
13089
13095
13099
13100
13102
13107
13108
13109
13112
13113
13114
13119
13120
13124
13126
13128
13130
13131
13132
13134
13136
13141
13145
13148
13151
13153
13157
13163
13164
13167
13168
13175
13177
13179
13181
13183
13186
13187
13189
13190
13193
13194
13195
13199
13205
13208
13210
13211
13213
13214
13216
13217
13222
13231
13235
13236
13237
13242
13248
13249
13250
13251
13256
13257
13260
13263
13268
13269
13271
13272
13274
13279
13280
13281
13283
13286
13291
13296
13301
13304
13305
13308
13311
13312
13315
13319
13321
13326
13335
13336
13338
13345
13348
13353
13354
13356
13359
13361
13363
13372
13379
13381
13383
13385
13387
13389
13390
13395
13398
13408
13409
13413
13421
13423
13424
13425
13433
13435
13438
13441
13446
13448
13449
13451
13466
13468
13474
13480
13483
13486
13488
13492
13494
13495
13497
13498
13500
13501
13503
13505
13506
13509
13512
13516
13518
13519
13522
13530
13531
13533
13540
13543
13547
13551
13560
13561
13563
13569
13571
13575
13578
13582
13585
13588
13592
13593
13597
13601
13603
13606
13611
13613
13616
13618
13621
13623
13627
13628
13632
13636
13637
13641
13648
13651
13652
13653
13655
13656
13657
13660
13669
13670
13673
13674
13677
13679
13686
13689
13690
13697
13704
13706
13709
13713
13714
13716
13718
13722
13727
13729
13730
13731
13735
13744
13748
13754
13756
13761
13764
13766
13770
13772
13777
13778
13782
13783
13786
13788
13789
13790
13793
13795
13802
13804
13806
13808
13810
13812
13813
13815
13822
13824
13825
13829
13834
13845
13847
13848
13852
13854
13856
13858
13860
13861
13862
13863
13864
13868
13872
13875
13876
13884
13886
13888
13889
13892
13895
13899
13900
13903
13905
13907
13910
13915
13918
13919
13921
13924
13932
13936
13937
13938
13949
13953
13958
13959
13961
13962
13970
13972
13974
13977
13982
13986
13987
13992
13995
14001
14003
14004
14010
14012
14021
14023
14024
14025
14026
14029
14030
14032
14033
14034
14036
14046
14048
14055
14061
14066
14071
14074
14077
14079
14084
14086
14088
14095
14100
14101
14103
14106
14107
14114
14116
14123
14127
14133
14134
14137
14142
14152
14157
14163
14164
14165
14169
14170
14177
14178
14182
14184
14185
14188
14189
14190
14192
14193
14194
14197
14200
14204
14207
14212
14217
14219
14226
14227
14228
14233
14236
14237
14239
14248
14259
14260
14266
14269
14270
14272
14278
14279
14281
14284
14286
14290
14292
14294
14299
14306
14311
14312
14316
14317
14319
14323
14324
14326
14327
14328
14330
14331
14334
14338
14344
14345
14347
14348
14352
14364
14365
14368
14372
14378
14380
14381
14382
14387
14388
14391
14394
14395
14400
14401
14403
14404
14408
14409
14412
14413
14414
14417
14422
14424
14427
14435
14436
14437
14440
14446
14447
14449
14453
14458
14464
14468
14469
14472
14480
14481
14482
14484
14495
14496
14497
14499
14500
14504
14505
14506
14513
14514
14521
14522
14525
14526
14528
14530
14534
14535
14540
14541
14550
14552
14555
14563
14566
14568
14569
14574
14575
14578
14586
14594
14600
14601
14604
14608
14612
14613
14615
14616
14618
14622
14623
14626
14629
14630
14632
14633
14637
14638
14639
14644
14656
14658
14659
14664
14666
14671
14676
14679
14681
14687
14696
14697
14698
14704
14710
14711
14713
14715
14727
14730
14731
14735
14736
14738
14740
14744
14747
14748
14750
14752
14753
14754
14758
14764
14767
14771
14779
14782
14789
14790
14792
14793
14796
14798
14799
14806
14810
14813
14815
14816
14818
14819
14821
14826
14830
14832
14836
14838
14839
14850
14851
14852
14855
14859
14860
14861
14862
14864
14866
14867
14869
14870
14872
14873
14877
14881
14883
14887
14889
14890
14892
14893
14898
14901
14902
14906
14913
14914
14916
14917
14923
14924
14927
14930
14934
14936
14937
14939
14941
14945
14947
14948
14953
14954
14956
14958
14960
14961
14963
14966
14969
14974
14979
14981
14983
14985
14987
14992
14994
14997
15001
15003
15015
15017
15018
15019
15027
15030
15032
15033
15034
15038
15041
15044
15052
15053
15057
15060
15061
15062
15063
15065
15066
15071
15075
15077
15079
15081
15083
15084
15085
15090
15091
15094
15096
15097
15098
15099
15101
15104
15105
15106
15107
15108
15111
15113
15115
15116
15117
15123
15126
15129
15132
15135
15137
15142
15151
15159
15160
15161
15171
15173
15177
15178
15179
15182
15186
15190
15192
15198
15203
15204
15206
15216
15218
15219
15221
15222
15226
15227
15229
15230
15231
15238
15240
15242
15248
15253
15256
15259
15260
15265
15268
15269
15272
15273
15274
15277
15278
15279
15287
15289
15290
15291
15292
15297
15298
15300
15304
15305
15309
15310
15313
15316
15319
15321
15324
15329
15330
15345
15347
15349
15350
15351
15354
15355
15360
15365
15366
15368
15369
15370
15371
15372
15375
15384
15386
15387
15389
15391
15392
15396
15411
15415
15417
15422
15425
15426
15434
15435
15438
15447
15453
15454
15456
15462
15465
15471
15473
15483
15484
15488
15490
15492
15497
15498
15502
15504
15509
15511
15512
15515
15519
15522
15524
15528
15531
15534
15536
15540
15541
15542
15544
15550
15552
15559
15564
15566
15567
15570
15579
15581
15586
15588
15589
15599
15600
15601
15605
15606
15609
15616
15619
15628
15632
15633
15635
15640
15641
15644
15645
15647
15648
15649
15650
15651
15656
15659
15660
15674
15676
15684
15686
15689
15690
15694
15700
15702
15704
15710
15712
15715
15720
15725
15726
15727
15728
15732
15733
15736
15740
15741
15744
15747
15749
15751
15753
15755
15758
15759
15762
15763
15768
15774
15777
15784
15785
15788
15792
15793
15795
15797
15798
15806
15807
15808
15810
15814
15818
15826
15829
15831
15832
15840
15843
15847
15848
15849
15859
15861
15865
15872
15873
15874
15875
15876
15879
15881
15882
15885
15887
15888
15898
15905
15910
15913
15914
15915
15918
15925
15932
15934
15936
15940
15945
15951
15952
15953
15955
15958
15964
15966
15973
15974
15977
15981
15983
15986
15988
15995
15999
16001
16008
16009
16011
16016
16017
16030
16031
16036
16040
16047
16050
16052
16055
16057
16059
16061
16062
16064
16066
16073
16076
16078
16079
16081
16085
16086
16088
16094
16101
16111
16117
16119
16120
16123
16130
16133
16137
16139
16141
16148
16155
16156
16158
16160
16169
16171
16172
16173
16174
16176
16180
16183
16184
16185
16187
16188
16191
16192
16195
16196
16197
16198
16202
16203
16205
16206
16211
16213
16216
16218
16223
16224
16229
16239
16246
16253
16254
16261
16263
16272
16275
16276
16279
16282
16284
16286
16289
16293
16295
16297
16299
16300
16305
16306
16309
16314
16316
16319
16328
16331
16334
16336
16339
16341
16343
16345
16357
16360
16361
16364
16365
16368
16370
16373
16375
16381
16383
16384
16385
16386
16387
16388
16390
16391
16392
16397
16399
16401
16402
16404
16407
16410
16413
16415
16416
16417
16430
16432
16436
16442
16444
16445
16455
16456
16457
16463
16465
16468
16471
16472
16475
16476
16477
16479
16483
16484
16485
16486
16494
16498
16500
16504
16511
16515
16516
16522
16523
16525
16527
16535
16536
16541
16546
16549
16555
16556
16557
16558
16564
16569
16573
16577
16578
16580
16584
16585
16587
16589
16592
16593
16598
16599
16600
16606
16611
16613
16614
16615
16617
16618
16619
16622
16630
16635
16640
16641
16643
16652
16653
16656
16657
16658
16660
16662
16669
16670
16672
16673
16675
16687
16692
16694
16695
16697
16702
16715
16717
16722
16724
16725
16731
16732
16738
16740
16746
16748
16750
16751
16752
16756
16757
16760
16762
16763
16765
16767
16774
16776
16777
16796
16798
16800
16802
16805
16807
16808
16809
16815
16820
16825
16831
16834
16835
16836
16837
16841
16842
16845
16851
16852
16853
16859
16860
16869
16873
16874
16876
16881
16886
16887
16888
16890
16892
16896
16899
16900
16901
16904
16910
16913
16914
16916
16919
16923
16932
16933
16935
16942
16943
16944
16948
16950
16953
16955
16956
16959
16962
16969
16973
16979
16983
16985
16989
16990
16991
16994
17001
17012
17019
17022
17024
17030
17036
17037
17045
17048
17052
17053
17054
17058
17059
17060
17061
17067
17071
17075
17076
17078
17082
17087
17088
17089
17092
17095
17100
17102
17103
17107
17108
17109
17110
17114
17120
17122
17127
17128
17129
17130
17133
17137
17138
17140
17143
17146
17157
17159
17162
17163
17166
17167
17170
17174
17176
17177
17183
17185
17189
17190
17191
17192
17195
17205
17206
17208
17215
17216
17217
17219
17231
17238
17242
17245
17249
17255
17260
17261
17263
17264
17276
17278
17279
17280
17285
17288
17292
17298
17299
17300
17302
17304
17308
17310
17316
17321
17322
17324
17327
17330
17332
17341
17343
17344
17353
17355
17356
17359
17360
17362
17364
17367
17368
17372
17374
17379
17385
17392
17394
17399
17407
17409
17410
17414
17417
17420
17425
17426
17428
17430
17434
17435
17440
17445
17446
17449
17454
17460
17461
17466
17470
17473
17478
17479
17482
17489
17491
17492
17493
17494
17497
17505
17511
17512
17513
17516
17519
17521
17523
17532
17533
17540
17544
17548
17557
17560
17567
17572
17576
17579
17582
17583
17586
17598
17601
17606
17620
17622
17631
17632
17633
17635
17639
17641
17645
17647
17657
17658
17660
17661
17663
17674
17680
17681
17683
17685
17686
17689
17692
17694
17695
17704
17708
17711
17712
17713
17716
17717
17719
17720
17721
17722
17724
17725
17726
17729
17735
17738
17741
17747
17748
17749
17761
17762
17763
17771
17772
17773
17774
17776
17783
17784
17789
17790
17793
17797
17798
17800
17801
17812
17816
17823
17825
17827
17830
17832
17835
17845
17846
17847
17850
17851
17859
17863
17867
17869
17872
17882
17889
17891
17894
17895
17897
17899
17901
17902
17903
17904
17908
17910
17911
17913
17914
17927
17936
17937
17939
17940
17942
17945
17955
17957
17958
17960
17965
17968
17971
17972
17978
17982
17983
17986
17993
17999
18000
18003
18005
18007
18009
18011
18012
18017
18019
18023
18025
18029
18032
18038
18040
18041
18050
18054
18055
18057
18059
18060
18062
18072
18075
18076
18082
18083
18089
18095
18097
18098
18099
18100
18111
18114
18122
18123
18125
18126
18128
18130
18142
18147
18149
18152
18153
18156
18157
18159
18168
18175
18179
18181
18188
18190
18196
18199
18204
18207
18208
18212
18213
18214
18215
18219
18220
18222
18223
18226
18229
18230
18231
18234
18236
18238
18240
18257
18261
18263
18266
18270
18271
18272
18274
18275
18277
18279
18280
18283
18286
18287
18292
18296
18299
18300
18302
18304
18307
18308
18309
18312
18317
18321
18325
18329
18332
18336
18338
18341
18343
18344
18346
18351
18352
18360
18362
18366
18367
18368
18374
18375
18376
18384
18387
18388
18395
18399
18403
18407
18408
18409
18411
18412
18415
18423
18425
18426
18428
18431
18433
18434
18436
18438
18440
18441
18443
18448
18453
18456
18458
18463
18465
18469
18474
18475
18478
18479
18480
18483
18485
18490
18492
18496
18505
18508
18509
18510
18513
18514
18515
18517
18522
18523
18524
18525
18529
18535
18536
18538
18541
18545
18551
18555
18556
18557
18558
18563
18569
18570
18572
18578
18579
18583
18590
18593
18595
18597
18603
18605
18614
18616
18617
18621
18622
18625
18627
18629
18630
18634
18636
18637
18638
18639
18642
18648
18649
18652
18653
18658
18663
18665
18669
18671
18672
18673
18674
18680
18681
18685
18687
18688
18692
18693
18695
18705
18708
18713
18723
18725
18726
18729
18736
18743
18749
18754
18757
18759
18761
18771
18773
18775
18780
18782
18783
18785
18790
18792
18793
18797
18798
18807
18811
18813
18814
18820
18825
18831
18835
18838
18841
18842
18846
18850
18852
18862
18863
18865
18867
18873
18880
18883
18886
18892
18893
18895
18896
18897
18899
18900
18902
18904
18905
18910
18912
18914
18917
18918
18921
18926
18927
18929
18930
18932
18934
18935
18938
18941
18943
18946
18950
18953
18954
18961
18964
18965
18973
18975
18980
18982
18987
18991
18995
18997
19000
19003
19004
19005
19012
19013
19021
19026
19027
19028
19029
19032
19033
19038
19042
19045
19051
19054
19055
19056
19060
19062
19072
19074
19079
19080
19083
19084
19087
19091
19095
19099
19101
19102
19103
19105
19107
19112
19113
19114
19116
19117
19118
19120
19122
19123
19125
19129
19131
19132
19133
19134
19138
19147
19148
19152
19153
19157
19161
19163
19169
19171
19180
19184
19187
19188
19190
19193
19197
19202
19204
19210
19211
19213
19219
19226
19228
19229
19230
19232
19235
19243
19247
19250
19251
19252
19255
19256
19260
19261
19263
19268
19272
19281
19289
19290
19291
19293
19294
19296
19298
19299
19301
19319
19324
19326
19327
19331
19332
19338
19340
19342
19346
19347
19348
19350
19352
19353
19357
19358
19362
19365
19367
19372
19373
19387
19391
19392
19401
19404
19408
19409
19410
19412
19416
19417
19425
19426
19431
19434
19440
19441
19442
19443
19447
19453
19455
19458
19459
19460
19466
19468
19470
19473
19481
19482
19483
19488
19490
19494
19495
19498
19504
19505
19506
19513
19514
19518
19529
19533
19535
19536
19540
19545
19550
19554
19555
19556
19558
19561
19562
19563
19564
19566
19567
19571
19572
19573
19586
19587
19600
19603
19605
19606
19610
19611
19613
19621
19623
19626
19627
19628
19629
19630
19637
19638
19639
19640
19643
19644
19645
19651
19653
19661
19663
19669
19670
19674
19675
19681
19682
19683
19684
19687
19691
19692
19694
19699
19701
19702
19703
19704
19708
19711
19712
19716
19717
19720
19725
19727
19731
19734
19735
19736
19743
19745
19749
19753
19756
19758
19761
19764
19765
19768
19769
19770
19771
19777
19779
19785
19790
19795
19798
19805
19812
19816
19818
19820
19821
19826
19829
19830
19831
19835
19836
19839
19840
19846
19849
19863
19868
19870
19872
19873
19880
19886
19888
19893
19894
19895
19896
19897
19898
19901
19904
19908
19914
19916
19926
19930
19933
19941
19944
19947
19951
19953
19954
19958
19961
19962
19972
19973
19980
19983
19985
19990
19995
19997
19998
20002
20003
20004
20020
20021
20031
20036
20041
20042
20043
20044
20046
20047
20048
20052
20056
20057
20059
20063
20064
20074
20081
20083
20084
20086
20087
20090
20092
20096
20097
20103
20105
20107
20108
20109
20110
20114
20116
20118
20120
20121
20124
20129
20131
20132
20133
20134
20135
20138
20139
20141
20143
20145
20149
20150
20151
20154
20168
20169
20177
20178
20179
20184
20187
20194
20196
20197
20199
20206
20207
20216
20217
20218
20222
20224
20225
20226
20227
20229
20231
20232
20234
20244
20245
20247
20250
20252
20259
20268
20270
20273
20280
20283
20285
20291
20292
20298
20300
20301
20302
20306
20310
20313
20321
20322
20324
20327
20332
20334
20335
20337
20348
20350
20351
20353
20354
20356
20362
20366
20373
20376
20378
20390
20392
20397
20402
20407
20414
20416
20417
20421
20425
20429
20433
20440
20443
20444
20446
20450
20454
20455
20457
20458
20462
20463
20464
20465
20470
20474
20481
20486
20488
20491
20492
20497
20501
20503
20507
20511
20512
20514
20515
20516
20520
20521
20522
20525
20533
20534
20540
20542
20550
20551
20555
20557
20564
20566
20573
20575
20578
20580
20581
20584
20586
20588
20590
20594
20597
20599
20600
20607
20612
20616
20619
20624
20627
20628
20630
20642
20646
20647
20648
20649
20652
20654
20655
20658
20660
20662
20664
20665
20666
20669
20676
20680
20691
20695
20696
20697
20700
20704
20712
20717
20718
20720
20722
20725
20727
20728
20733
20735
20736
20741
20743
20745
20746
20749
20753
20757
20759
20761
20762
20767
20775
20777
20781
20786
20792
20794
20796
20799
20800
20802
20803
20807
20809
20816
20817
20820
20821
20822
20823
20825
20829
20830
20832
20833
20835
20846
20850
20856
20858
20864
20865
20873
20874
20877
20878
20880
20886
20888
20893
20894
20895
20898
20900
20901
20902
20904
20909
20911
20914
20915
20919
20921
20925
20927
20931
20932
20941
20949
20951
20953
20960
20963
20964
20968
20970
20971
20975
20976
20978
20983
20992
21000
21008
21009
21010
21016
21019
21020
21021
21026
21028
21031
21033
21034
21037
21039
21043
21046
21050
21051
21052
21061
21068
21070
21073
21078
21080
21081
21086
21088
21094
21098
21111
21112
21117
21118
21119
21120
21121
21124
21126
21127
21128
21129
21130
21135
21137
21144
21149
21155
21156
21162
21170
21175
21176
21182
21183
21184
21187
21188
21190
21198
21199
21203
21206
21210
21211
21215
21218
21222
21223
21225
21226
21228
21236
21240
21241
21242
21244
21247
21252
21254
21255
21257
21260
21265
21266
21268
21269
21273
21278
21279
21281
21284
21288
21290
21294
21298
21304
21306
21313
21314
21316
21317
21320
21322
21324
21329
21331
21332
21333
21343
21345
21350
21351
21357
21358
21360
21361
21362
21363
21364
21369
21374
21380
21381
21385
21389
21391
21393
21396
21399
21400
21401
21409
21410
21412
21422
21428
21430
21433
21434
21438
21439
21440
21441
21442
21444
21445
21446
21448
21449
21450
21451
21452
21453
21455
21456
21459
21461
21464
21465
21470
21471
21472
21474
21478
21480
21483
21486
21488
21491
21493
21495
21497
21502
21503
21507
21509
21510
21513
21516
21517
21523
21532
21537
21541
21542
21544
21546
21549
21552
21555
21568
21569
21570
21575
21588
21597
21598
21604
21608
21610
21613
21617
21619
21621
21627
21628
21637
21642
21646
21649
21650
21652
21653
21658
21660
21665
21666
21667
21668
21669
21670
21674
21679
21685
21689
21690
21692
21693
21694
21698
21702
21704
21707
21710
21712
21713
21714
21716
21718
21719
21724
21732
21736
21738
21739
21741
21742
21747
21748
21750
21753
21754
21758
21760
21767
21768
21769
21770
21775
21778
21780
21781
21787
21789
21792
21795
21796
21798
21800
21801
21804
21809
21810
21812
21813
21826
21828
21830
21832
21839
21844
21845
21846
21849
21854
21856
21861
21862
21863
21866
21870
21871
21872
21876
21878
21883
21885
21887
21888
21891
21896
21906
21909
21911
21917
21919
21920
21922
21930
21933
21934
21935
21940
21946
21948
21962
21966
21976
21978
21979
21982
21983
21984
21985
21986
21988
21991
21997
21999
22001
22002
22009
22011
22014
22016
22020
22021
22023
22024
22029
22030
22033
22038
22039
22040
22044
22047
22051
22052
22059
22064
22065
22067
22072
22075
22077
22079
22085
22089
22094
22095
22106
22108
22116
22117
22120
22122
22124
22125
22128
22132
22143
22157
22164
22168
22170
22172
22174
22182
22183
22187
22188
22189
22192
22196
22204
22205
22206
22210
22212
22214
22215
22216
22217
22219
22221
22222
22223
22229
22230
22231
22234
22239
22240
22243
22247
22248
22250
22253
22255
22256
22260
22261
22263
22264
22267
22271
22274
22276
22290
22292
22298
22301
22302
22306
22307
22308
22309
22310
22317
22320
22321
22325
22327
22329
22330
22334
22335
22337
22338
22343
22346
22347
22348
22350
22353
22354
22356
22357
22359
22360
22364
22366
22369
22370
22372
22376
22379
22383
22388
22392
22400
22402
22405
22407
22412
22413
22414
22415
22416
22427
22435
22437
22440
22445
22446
22449
22458
22464
22466
22470
22474
22477
22478
22481
22485
22493
22496
22498
22499
22505
22507
22508
22511
22514
22518
22521
22526
22528
22537
22538
22540
22541
22543
22546
22550
22553
22557
22559
22565
22572
22575
22578
22580
22583
22586
22590
22591
22593
22597
22601
22603
22604
22610
22613
22614
22615
22617
22618
22626
22627
22628
22629
22635
22639
22640
22642
22647
22648
22653
22654
22658
22664
22667
22672
22675
22679
22682
22691
22696
22697
22699
22700
22718
22720
22724
22726
22734
22736
22737
22740
22741
22743
22745
22747
22751
22757
22764
22767
22770
22771
22777
22791
22796
22799
22806
22807
22810
22816
22826
22833
22837
22838
22847
22851
22853
22854
22857
22858
22859
22860
22861
22862
22867
22868
22869
22873
22875
22877
22880
22883
22885
22887
22889
22890
22893
22895
22906
22910
22915
22916
22917
22924
22927
22928
22934
22936
22939
22943
22945
22946
22952
22953
22954
22959
22960
22961
22962
22964
22965
22969
22973
22976
22978
22982
22985
22987
22992
22993
22997
22998
23000
23005
23006
23009
23013
23016
23018
23020
23026
23027
23028
23030
23033
23034
23041
23047
23048
23050
23059
23062
23065
23067
23068
23069
23072
23075
23076
23077
23079
23080
23084
23087
23095
23097
23099
23100
23102
23104
23107
23108
23110
23112
23116
23117
23118
23119
23120
23124
23128
23132
23135
23141
23143
23147
23150
23154
23156
23158
23161
23162
23164
23168
23169
23170
23171
23172
23176
23180
23186
23187
23188
23190
23194
23198
23199
23201
23204
23206
23207
23210
23211
23212
23215
23218
23225
23233
23239
23240
23241
23247
23256
23257
23259
23262
23263
23264
23266
23268
23277
23278
23279
23282
23285
23292
23297
23301
23303
23308
23310
23313
23316
23318
23319
23321
23326
23327
23333
23336
23338
23339
23344
23348
23349
23351
23354
23358
23361
23363
23365
23367
23369
23373
23375
23376
23379
23386
23394
23396
23397
23401
23402
23403
23406
23410
23412
23415
23419
23423
23424
23425
23426
23431
23436
23438
23444
23445
23449
23454
23464
23466
23469
23474
23479
23480
23481
23486
23490
23492
23493
23495
23496
23498
23500
23506
23518
23528
23538
23539
23541
23544
23545
23546
23547
23553
23556
23559
23563
23567
23568
23571
23578
23580
23587
23588
23593
23600
23601
23602
23604
23611
23614
23615
23617
23621
23622
23625
23626
23629
23630
23632
23633
23639
23640
23641
23642
23646
23647
23652
23654
23657
23658
23665
23667
23668
23675
23676
23677
23678
23679
23681
23685
23691
23692
23693
23694
23696
23702
23707
23709
23712
23716
23719
23722
23724
23725
23729
23731
23732
23734
23737
23740
23741
23749
23751
23753
23760
23765
23766
23767
23774
23775
23776
23780
23786
23787
23788
23789
23792
23796
23799
23804
23806
23807
23810
23812
23818
23819
23820
23826
23828
23831
23835
23838
23839
23840
23841
23843
23846
23850
23857
23860
23866
23874
23879
23886
23889
23893
23895
23896
23897
23900
23908
23910
23915
23916
23919
23920
23921
23922
23925
23926
23927
23932
23939
23940
23941
23943
23947
23951
23952
23953
23955
23963
23968
23979
23980
23991
23993
23995
23998
23999
24000
24002
24012
24014
24016
24019
24020
24025
24033
24040
24041
24042
24045
24046
24047
24054
24055
24060
24062
24067
24071
24073
24079
24088
24089
24102
24103
24104
24112
24114
24121
24122
24126
24128
24131
24135
24136
24137
24139
24140
24144
24147
24148
24152
24156
24157
24158
24160
24161
24162
24164
24167
24169
24175
24179
24180
24187
24192
24195
24196
24197
24201
24202
24203
24205
24206
24211
24213
24220
24226
24229
24232
24236
24239
24242
24243
24244
24245
24247
24248
24251
24253
24258
24263
24265
24268
24269
24273
24276
24277
24281
24284
24286
24287
24290
24294
24296
24297
24301
24302
24304
24309
24311
24312
24313
24314
24319
24320
24321
24325
24330
24333
24342
24345
24347
24351
24353
24354
24355
24356
24361
24363
24366
24371
24372
24374
24375
24376
24378
24382
24383
24386
24388
24389
24390
24392
24394
24407
24409
24412
24413
24418
24420
24423
24425
24431
24433
24434
24435
24439
24441
24447
24452
24453
24454
24457
24459
24460
24463
24464
24465
24467
24469
24471
24473
24474
24479
24486
24490
24491
24492
24494
24496
24498
24500
24502
24508
24511
24516
24517
24518
24520
24525
24529
24536
24541
24542
24543
24546
24554
24556
24563
24565
24568
24570
24572
24573
24578
24581
24587
24588
24589
24591
24592
24593
24595
24598
24600
24601
24604
24605
24606
24607
24611
24615
24619
24620
24622
24628
24633
24637
24640
24641
24648
24651
24652
24656
24657
24659
24665
24666
24668
24669
24671
24672
24673
24679
24680
24684
24686
24696
24699
24702
24704
24707
24712
24718
24719
24727
24737
24738
24740
24743
24746
24747
24749
24754
24759
24760
24763
24764
24770
24774
24775
24776
24784
24787
24795
24797
24798
24805
24811
24814
24815
24816
24820
24821
24827
24835
24837
24838
24841
24842
24848
24850
24852
24858
24860
24862
24865
24868
24878
24879
24881
24882
24885
24892
24894
24900
24902
24906
24910
24912
24915
24921
24922
24924
24926
24930
24932
24942
24944
24948
24952
24955
24958
24962
24963
24979
24985
24987
24990
24992
24993
24994
24996
24997
25005
25007
25010
25014
25015
25017
25018
25025
25026
25031
25033
25037
25043
25045
25048
25049
25057
25059
25063
25070
25074
25078
25081
25082
25088
25100
25104
25109
25110
25111
25114
25119
25122
25123
25124
25125
25126
25130
25132
25136
25137
25140
25144
25145
25146
25151
25154
25157
25159
25163
25164
25172
25179
25180
25182
25187
25189
25192
25193
25194
25196
25198
25202
25203
25207
25208
25214
25217
25219
25222
25223
25225
25226
25231
25234
25237
25244
25249
25255
25256
25258
25262
25266
25269
25271
25272
25277
25279
25281
25282
25283
25285
25286
25291
25295
25298
25302
25308
25312
25317
25322
25326
25329
25334
25336
25339
25343
25345
25347
25349
25353
25354
25361
25363
25371
25377
25381
25382
25384
25390
25396
25399
25401
25405
25413
25418
25430
25432
25435
25440
25445
25446
25448
25451
25457
25458
25460
25465
25468
25469
25471
25474
25475
25481
25485
25487
25490
25496
25500
25502
25505
25507
25509
25512
25515
25521
25525
25530
25533
25543
25546
25547
25549
25553
25555
25557
25564
25568
25572
25579
25582
25594
25596
25597
25598
25599
25600
25607
25609
25611
25613
25617
25628
25631
25632
25633
25637
25638
25639
25641
25646
25649
25651
25652
25653
25658
25660
25661
25662
25669
25672
25673
25674
25678
25680
25681
25688
25689
25694
25699
25701
25704
25706
25710
25711
25712
25713
25714
25722
25728
25730
25734
25736
25744
25751
25752
25753
25754
25760
25764
25765
25767
25768
25777
25781
25784
25788
25791
25801
25806
25814
25823
25825
25826
25829
25831
25834
25835
25838
25839
25840
25844
25845
25846
25847
25849
25850
25851
25854
25857
25859
25860
25861
25865
25868
25870
25872
25877
25881
25882
25884
25886
25888
25898
25901
25902
25904
25909
25910
25912
25917
25918
25919
25921
25923
25925
25927
25929
25938
25941
25944
25949
25950
25953
25960
25964
25965
25966
25969
25973
25977
25980
25981
25983
25984
25985
25995
25996
26002
26012
26015
26016
26021
26025
26030
26033
26034
26038
26043
26045
26049
26051
26055
26060
26064
26068
26073
26074
26077
26080
26081
26083
26092
26095
26097
26100
26101
26103
26104
26109
26111
26116
26118
26126
26128
26131
26134
26135
26137
26138
26149
26154
26158
26165
26166
26173
26174
26181
26184
26185
26186
26191
26194
26203
26206
26209
26213
26217
26218
26222
26231
26235
26237
26238
26239
26240
26243
26245
26247
26249
26250
26261
26262
26266
26272
26274
26278
26279
26283
26288
26289
26292
26294
26295
26296
26298
26302
26312
26318
26319
26333
26337
26339
26340
26342
26343
26355
26362
26367
26368
26370
26371
26374
26376
26378
26380
26381
26386
26392
26393
26395
26397
26398
26400
26402
26406
26407
26412
26415
26416
26417
26425
26428
26430
26438
26444
26447
26449
26451
26454
26457
26458
26459
26460
26461
26467
26469
26470
26471
26472
26473
26475
26478
26481
26482
26489
26492
26496
26497
26502
26510
26511
26516
26518
26519
26522
26526
26532
26535
26536
26537
26544
26547
26548
26551
26555
26558
26562
26563
26565
26566
26567
26569
26574
26578
26591
26595
26597
26601
26602
26603
26609
26610
26616
26624
26626
26630
26633
26634
26636
26637
26638
26648
26662
26670
26674
26678
26684
26685
26692
26696
26700
26702
26703
26705
26706
26709
26710
26712
26714
26715
26716
26719
26722
26723
26725
26728
26730
26732
26733
26734
26738
26742
26745
26746
26748
26750
26751
26752
26754
26755
26763
26765
26767
26769
26778
26779
26784
26789
26791
26797
26800
26802
26804
26805
26806
26810
26811
26817
26819
26822
26834
26840
26842
26844
26847
26848
26866
26876
26885
26886
26888
26889
26899
26900
26906
26908
26914
26921
26923
26928
26930
26931
26935
26942
26947
26948
26951
26954
26959
26964
26966
26967
26973
26976
26979
26980
26981
26984
26995
26996
27000
27006
27007
27015
27017
27023
27026
27028
27031
27035
27037
27038
27041
27049
27050
27061
27067
27069
27076
27082
27092
27103
27104
27106
27110
27111
27119
27120
27137
27144
27153
27155
27161
27162
27167
27169
27170
27172
27176
27181
27184
27191
27192
27199
27207
27208
27211
27215
27216
27224
27227
27240
27242
27248
27249
27252
27255
27258
27262
27265
27276
27281
27282
27285
27288
27294
27301
27302
27305
27316
27318
27319
27320
27321
27328
27331
27335
27336
27342
27343
27346
27350
27351
27355
27365
27369
27372
27374
27380
27385
27388
27392
27393
27395
27410
27420
27424
27433
27434
27444
27448
27449
27457
27458
27461
27465
27467
27473
27475
27482
27487
27493
27494
27496
27497
27498
27500
27501
27504
27506
27507
27511
27514
27517
27520
27522
27529
27543
27546
27552
27559
27560
27576
27589
27592
27596
27600
27602
27605
27607
27614
27629
27630
27631
27639
27647
27652
27659
27662
27666
27671
27677
27681
27682
27690
27692
27694
27695
27699
27708
27713
27720
27723
27730
27736
27743
27744
27745
27746
27747
27754
27757
27771
27774
27775
27777
27781
27784
27786
27804
27808
27813
27818
27819
27820
27821
27823
27828
27834
27835
27836
27839
27840
27845
27846
27855
27856
27863
27864
27871
27879
27880
27884
27898
27899
27900
27903
27909
27914
27928
27929
27931
27946
27947
27951
27956
27959
27962
27974
27975
27976
27992
27997
27998
28003
28005
28018
28019
28020
28023
28027
28033
28038
28040
28041
28048
28052
28054
28058
28059
28062
28063
28064
28068
28069
28070
28071
28074
28076
28077
28085
28086
28088
28093
28094
28105
28108
28109
28115
28120
28123
28124
28125
28128
28144
28160
28168
28169
28170
28172
28174
28175
28183
28187
28194
28201
28202
28209
28211
28213
28218
28230
28233
28236
28238
28239
28254
28258
28259
28270
28273
28274
28275
28277
28278
28286
28290
28291
28294
28297
28300
28301
28304
28305
28308
28311
28312
28314
28319
28326
28327
28335
28341
28344
28349
28351
28367
28369
28370
28374
28376
28381
28382
28386
28390
28391
28396
28398
28413
28423
28425
28426
28435
28436
28437
28442
28454
28458
28461
28466
28475
28478
28486
28504
28510
28513
28518
28523
28524
28526
28530
28539
28540
28545
28552
28565
28569
28570
28573
28582
28583
28588
28590
28596
28602
28605
28608
28610
28616
28629
28640
28642
28643
28646
28654
28658
28662
28664
28666
28668
28671
28673
28678
28683
28685
28689
28690
28694
28701
28702
28703
28705
28708
28710
28712
28713
28723
28724
28728
28732
28733
28737
28738
28740
28756
28759
28760
28762
28763
28768
28769
28770
28775
28776
28778
28779
28783
28784
28789
28804
28805
28806
28816
28818
28823
28826
28828
28844
28845
28854
28855
28858
28859
28861
28871
28880
28887
28893
28905
28908
28927
28931
28936
28940
28943
28952
28957
28961
28970
28983
28984
28988
28989
28996
28999
29001
29020
29024
29027
29029
29032
29034
29040
29042
29043
29044
29045
29046
29048
29051
29058
29062
29063
29071
29072
29074
29075
29077
29082
29084
29088
29098
29102
29103
29104
29106
29108
29111
29115
29117
29119
29127
29136
29137
29144
29155
29156
29158
29159
29161
29166
29173
29174
29178
29179
29195
29197
29199
29208
29210
29219
29228
29230
29231
29237
29238
29241
29245
29246
29248
29256
29258
29260
29261
29262
29266
29273
29277
29284
29286
29289
29290
29291
29293
29295
29300
29303
29304
29307
29308
29316
29317
29324
29329
29331
29332
29334
29335
29338
29347
29353
29354
29359
29364
29378
29392
29393
29394
29397
29403
29405
29406
29408
29417
29425
29427
29429
29430
29436
29438
29440
29441
29443
29444
29446
29453
29460
29465
29467
29469
29470
29473
29476
29481
29483
29484
29485
29495
29501
29504
29506
29510
29514
29515
29516
29521
29524
29525
29527
29528
29532
29534
29540
29554
29557
29564
29576
29577
29590
29594
29600
29601
29602
29603
29607
29616
29618
29625
29626
29627
29629
29630
29635
29637
29639
29641
29642
29645
29647
29649
29651
29656
29661
29664
29665
29668
29672
29675
29677
29678
29680
29681
29683
29687
29688
29696
29699
29701
29703
29707
29711
29715
29716
29717
29718
29719
29723
29726
29728
29731
29732
29734
29735
29736
29744
29746
29747
29748
29750
29751
29755
29759
29760
29762
29769
29779
29784
29801
29805
29807
29810
29811
29812
29814
29815
29816
29817
29824
29827
29831
29835
29845
29852
29853
29855
29856
29857
29860
29866
29868
29870
29874
29875
29876
29881
29882
29886
29889
29890
29893
29905
29906
29908
29910
29913
29916
29918
29923
29925
29926
29927
29928
29929
29930
29935
29938
29940
29941
29946
29951
29953
29955
29958
29959
29960
29965
29968
29970
29972
29974
29981
29983
29989
29990
29997
30000
30003
30007
30008
30009
30010
30019
30020
30024
30025
30028
30032
30042
30043
30049
30054
30056
30059
30060
30062
30066
30069
30070
30071
30072
30073
30076
30083
30087
30091
30092
30096
30103
30107
30110
30112
30115
30116
30124
30125
30127
30130
30137
30142
30145
30153
30157
30159
30161
30165
30167
30168
30174
30182
30184
30185
30186
30191
30198
30201
30202
30206
30209
30214
30215
30218
30219
30220
30222
30229
30231
30233
30237
30246
30260
30263
30265
30270
30272
30275
30276
30278
30279
30280
30281
30285
30286
30290
30291
30298
30301
30304
30308
30312
30313
30315
30317
30318
30320
30322
30323
30325
30326
30331
30337
30338
30339
30343
30351
30352
30354
30358
30363
30365
30367
30371
30375
30378
30386
30387
30388
30390
30399
30402
30411
30413
30415
30417
30422
30423
30425
30427
30428
30431
30432
30444
30445
30447
30450
30451
30452
30457
30459
30461
30464
30469
30472
30473
30475
30485
30486
30496
30505
30510
30512
30513
30514
30520
30524
30527
30531
30532
30538
30541
30550
30551
30552
30554
30555
30564
30570
30574
30575
30585
30590
30595
30598
30601
30603
30604
30608
30611
30614
30621
30623
30629
30631
30640
30644
30646
30647
30649
30650
30652
30660
30661
30663
30675
30679
30680
30681
30684
30700
30701
30703
30704
30708
30709
30711
30714
30716
30717
30718
30724
30725
30727
30730
30738
30745
30746
30752
30758
30760
30762
30763
30765
30766
30770
30774
30776
30779
30781
30783
30784
30785
30787
30789
30790
30794
30796
30802
30804
30811
30814
30817
30818
30819
30820
30822
30823
30826
30827
30829
30831
30837
30839
30840
30842
30843
30845
30847
30849
30850
30854
30857
30862
30865
30866
30869
30874
30875
30877
30878
30883
30890
30891
30893
30894
30895
30900
30904
30909
30910
30911
30913
30914
30918
30924
30927
30928
30929
30933
30939
30940
30945
30946
30948
30950
30954
30957
30958
30963
30966
30967
30979
30980
30981
30982
30986
30988
30990
31004
31010
31012
31015
31016
31017
31019
31023
31024
31025
31029
31031
31037
31039
31042
31045
31051
31053
31054
31056
31062
31068
31070
31071
31072
31075
31077
31080
31083
31090
31091
31092
31095
31098
31100
31101
31107
31109
31112
31116
31120
31122
31123
31127
31128
31129
31132
31135
31143
31147
31149
31152
31153
31155
31157
31158
31161
31165
31167
31172
31178
31180
31189
31198
31199
31201
31211
31212
31216
31217
31222
31225
31226
31227
31229
31230
31233
31239
31240
31248
31249
31250
31251
31255
31256
31260
31261
31264
31265
31268
31269
31272
31275
31276
31279
31284
31288
31291
31292
31295
31296
31300
31302
31303
31304
31306
31310
31311
31314
31316
31318
31324
31328
31329
31335
31339
31342
31348
31352
31359
31360
31368
31370
31372
31386
31388
31392
31393
31397
31402
31404
31415
31416
31419
31420
31423
31424
31427
31428
31432
31436
31438
31441
31444
31451
31467
31468
31470
31478
31479
31480
31483
31486
31491
31493
31495
31497
31498
31506
31507
31509
31511
31515
31524
31525
31528
31530
31531
31534
31536
31540
31556
31566
31571
31572
31574
31577
31584
31588
31593
31594
31597
31598
31600
31603
31609
31611
31614
31616
31618
31620
31627
31636
31639
31642
31649
31651
31652
31654
31657
31664
31668
31670
31674
31678
31679
31683
31685
31686
31687
31693
31705
31706
31707
31708
31709
31712
31717
31720
31724
31726
31727
31736
31743
31744
31748
31751
31754
31757
31761
31762
31765
31767
31769
31773
31776
31784
31785
31788
31791
31792
31794
31795
31799
31800
31803
31810
31815
31818
31822
31823
31824
31835
31836
31841
31845
31846
31847
31850
31851
31855
31856
31858
31859
31860
31875
31878
31879
31880
31888
31892
31895
31897
31898
31908
31913
31918
31926
31932
31935
31941
31945
31950
31956
31961
31964
31966
31968
31969
31970
31971
31972
31974
31978
31984
31987
31990
31991
31992
31998
32013
32015
32016
32017
32018
32021
32023
32024
32028
32034
32039
32040
32041
32042
32044
32048
32053
32054
32058
32061
32065
32068
32070
32071
32081
32083
32084
32092
32096
32097
32098
32101
32103
32104
32105
32119
32122
32124
32127
32132
32135
32139
32140
32145
32147
32148
32151
32155
32159
32165
32167
32170
32174
32175
32176
32177
32178
32179
32189
32193
32196
32201
32210
32214
32223
32224
32225
32227
32228
32229
32234
32237
32238
32241
32242
32243
32245
32246
32249
32252
32259
32260
32261
32262
32267
32269
32275
32277
32288
32290
32291
32295
32302
32303
32304
32306
32307
32310
32313
32316
32321
32322
32325
32336
32341
32342
32343
32350
32355
32356
32360
32361
32365
32366
32367
32368
32377
32378
32383
32384
32387
32388
32394
32395
32396
32399
32400
32407
32410
32421
32423
32425
32430
32432
32435
32440
32444
32445
32446
32450
32454
32455
32457
32460
32461
32462
32465
32466
32469
32470
32472
32482
32484
32486
32489
32490
32494
32502
32504
32505
32506
32507
32509
32515
32516
32519
32526
32530
32533
32534
32536
32537
32538
32545
32547
32548
32556
32558
32559
32562
32569
32572
32575
32577
32578
32579
32581
32584
32586
32587
32595
32598
32600
32604
32606
32607
32609
32610
32613
32614
32619
32621
32623
32627
32630
32633
32640
32647
32651
32652
32654
32658
32659
32660
32662
32670
32677
32679
32683
32684
32689
32697
32699
32707
32710
32714
32715
32718
32719
32720
32721
32733
32738
32740
32742
32743
32746
32749
32751
32755
32764
32768
32770
32771
32772
32779
32780
32789
32791
32798
32801
32802
32803
32804
32808
32816
32817
32820
32822
32824
32825
32826
32827
32831
32833
32834
32837
32842
32845
32848
32852
32855
32859
32861
32864
32865
32866
32870
32873
32892
32895
32907
32912
32923
32925
32926
32928
32931
32943
32945
32949
32952
32961
32962
32963
32967
32979
32984
32985
32988
32992
32999
33000
33005
33010
33012
33013
33016
33019
33024
33032
33033
33038
33039
33041
33045
33051
33055
33061
33062
33069
33070
33071
33080
33085
33089
33091
33092
33099
33100
33101
33102
33104
33105
33107
33108
33112
33113
33116
33138
33140
33142
33150
33153
33160
33161
33165
33167
33177
33180
33181
33182
33187
33194
33207
33210
33213
33214
33220
33231
33232
33235
33237
33244
33248
33249
33250
33251
33255
33256
33260
33264
33267
33270
33273
33274
33282
33284
33285
33286
33288
33289
33290
33291
33297
33301
33302
33312
33316
33318
33320
33321
33323
33340
33347
33351
33353
33354
33355
33356
33361
33371
33388
33417
33422
33427
33459
33470
33473
33492
33503
33516
33525
33528
33531
33535
33539
33540
33541
33544
33560
33571
33583
33584
33590
33591
33606
33612
33621
33647
33651
33663
33682
33691
33697
33702
33716
33722
33734
33748
33751
33798
33802
33803
33805
33814
33830
33833
33838
33842
33843
33857
33861
33868
33878
33880
33912
33914
33917
33926
33953
33954
33956
33979
33985
33987
34021
34045
34050
34054
34055
34063
34067
34076
34081
34083
34094
34100
34101
34102
34110
34120
34126
34135
34138
34140
34148
34154
34157
34162
34168
34181
34206
34213
34215
34223
34239
34259
34273
34275
34276
34295
34296
34303
34305
34306
34324
34336
34346
34365
34379
34381
34398
34424
34441
34451
34456
34462
34484
34514
34518
34519
34522
34534
34540
34542
34548
34559
34578
34579
34599
34611
34625
34627
34631
34634
34655
34659
34660
34666
34681
34698
34701
34703
34713
34730
34772
34802
34822
34832
34848
34849
34867
34898
34907
34909
34915
34918
34927
34944
34952
34975
34976
34983
34984
34987
34991
35000
35010
35018
35027
35033
35051
35054
35057
35080
35140
35143
35147
35148
35151
35168
35180
35188
35189
35203
35223
35225
35233
35244
35263
35270
35279
35286
35298
35351
35354
35376
35384
35399
35422
35427
35441
35512
35520
35535
35546
35603
35623
35630
35644
35656
35665
35689
35720
35748
35766
35768
35782
35783
35827
35983
36008
36142
36360
36435
36451
36613
36667
36710
36893
36933
37013
37028
37113
37181
37234
37267
37319
37350
37430
37492
37713
37726
37791
37801
37839
37906
37965
38010
38048
38166
38235
38318
38463
38522
38677
38756
38799
38989
39045
39113
39173
39246
39363
39476
39624
39651
39677
39797
40236
40390
40754
40815
40889
41080
41156
41224
41226
41230
41253
41261
41301
41352
41354
41387
41418
41473
41493
41506
41516
41549
41590
41638
41683
41728
41775
41781
41821
41862
41889
41941
41952
41989
41992
42034
42070
42102
42118
42133
42158
42183
42193
42207
42297
42405
42422
42427
42437
42442
42468
42598
42635
42676
42724
42740
42741
42825
42836
42840
42925
42964
43177
43271
43280
43314
43331
43472
43474
43476
43519
43599
43603
43618
43648
43675
43792
43816
43903
43926
43933
44011
44028
44057
44092
44151
44161
44177
44211
44226
44289
44297
44310
44322
44522
44593
44684
44694
44776
44827
44942
44981
45002
45074
45255
45270
45293
45327
45375
45711
45733
45845
45861
45869
45977
45993
46085
46115
46229
46281
46372
46455
46494
46512
46529
46645
46719
46787
46880
46885
47047
47066
47156
47208
47267
47314
47384
47428
47452
47574
47622
47764
47772
47797
47815
47819
47875
47902
47955
47994
48042
48053
48336
48372
48451
48452
48469
48470
48497
48529
48624
48635
48684
48696
48712
48734
48745
48758
48801
48831
48842
48848
48856
48891
48905
48906
48941
48955
48961
48965
48968
48980
49012
49079
49160
49236
49256
49313
49346
49368
49432
49513
49533
49535
49586
49718
49763
49843
49854
49880
49909
49942
49950
50012
50015
50148
50157
50174
50179
50263
50467
50476
50508
50615
50637
50651
50677
50679
50713
50715
50722
50741
50864
50889
50962
50999
51001
51056
51057
51059
51063
51064
51086
51114
51118
51137
51147
51223
51224
51247
51261
51269
51278
51365
51370
51392
51449
51453
51509
51512
51513
51534
51538
51562
51566
51570
51684
51730
51747
51791
51810
51857
51890
51923
51937
51944
51969
51974
52111
52131
52159
52163
52200
52223
52264
52274
52286
52309
52444
52459
52482
52556
52570
52654
52662
52704
52719
52774
52817
52827
52835
52927
53047
53118
53126
53140
53218
53236
53348
53351
53366
53378
53412
53592
53714
53930
54106
54165
54545
54614
54684
54994
55069
55241
55247
55261
55305
55546
55555
55681
55750
55866
55890
55920
55927
55949
56154
56235
56244
56333
56455
56594
56668
56763
56859
56923
57004
57013
57070
57071
57104
57111
57120
57139
57164
57191
57214
57240
57243
57245
57263
57299
57306
57357
57374
57389
57390
57406
57432
57445
57498
57521
57566
57650
57676
57747
57770
57774
57777
57929
57947
57959
57966
58058
59598
94097
95405
95529
104107
114086
127537
146768
